Enter maximum iterations
Enter delta

================================
PART - 1
================================

at x = 0, f(x) = -5.0
at x = 1, f(x) = 3.0
at x = 2, f(x) = -0.3999999999999986
at x = 3, f(x) = -3.1999999999999957
at x = 4, f(x) = 6.6000000000000085

================================


================================
Bisection
-----------------------------
Math Function: 2.0x^3 -11.7x^2 +17.7x^1 -5.0

Total Iterations: 15
a: [0.0, 0.0, 0.25, 0.25, 0.3125, 0.34375, 0.359375, 0.359375, 0.36328125, 0.36328125, 0.3642578125, 0.36474609375, 0.364990234375, 0.364990234375, 0.36505126953125]
b: [1.0, 0.5, 0.5, 0.375, 0.375, 0.375, 0.375, 0.3671875, 0.3671875, 0.365234375, 0.365234375, 0.365234375, 0.365234375, 0.3651123046875, 0.3651123046875]
c: [0.5, 0.25, 0.375, 0.3125, 0.34375, 0.359375, 0.3671875, 0.36328125, 0.365234375, 0.3642578125, 0.36474609375, 0.364990234375, 0.3651123046875, 0.36505126953125, 0.365081787109375]
f(a): [-5.0, -5.0, -1.2750000000000004, -1.2750000000000004, -0.55029296875, -0.21690673828125018, -0.057295227050781605, -0.057295227050781605, -0.018122267723083674, -0.018122267723083674, -0.008374452218413708, -0.0035073504317555404, -0.0010755004186648875, -0.0010755004186648875, -4.677150608589642E-4]
f(b): [3.0, 1.1749999999999998, 1.1749999999999998, 0.09765625, 0.09765625, 0.09765625, 0.09765625, 0.02076015472412074, 0.02076015472412074, 0.0013552159070968628, 0.0013552159070968628, 0.0013552159070968628, 0.0013552159070968628, 1.3999944421794197E-4, 1.3999944421794197E-4]
f(c): [1.1749999999999998, -1.2750000000000004, 0.09765625, -0.55029296875, -0.21690673828125018, -0.057295227050781605, 0.02076015472412074, -0.018122267723083674, 0.0013552159070968628, -0.008374452218413708, -0.0035073504317555404, -0.0010755004186648875, 1.3999944421794197E-4, -4.677150608589642E-4, -1.6384895189958115E-4]
Error_a: [1.0, 0.3333333333333333, 0.2, 0.09090909090909091, 0.043478260869565216, 0.02127659574468085, 0.010752688172043012, 0.0053475935828877, 0.002680965147453083, 0.0013386880856760374, 6.688963210702341E-4, 3.3433634236041456E-4, 1.6719612104999163E-4, 8.359107247345983E-5]

================================


================================
Bisection
-----------------------------
Math Function: 2.0x^3 -11.7x^2 +17.7x^1 -5.0

Total Iterations: 13
a: [1.0, 1.5, 1.75, 1.875, 1.875, 1.90625, 1.90625, 1.9140625, 1.91796875, 1.919921875, 1.9208984375, 1.92138671875, 1.921630859375]
b: [2.0, 2.0, 2.0, 2.0, 1.9375, 1.9375, 1.921875, 1.921875, 1.921875, 1.921875, 1.921875, 1.921875, 1.921875]
c: [1.5, 1.75, 1.875, 1.9375, 1.90625, 1.921875, 1.9140625, 1.91796875, 1.919921875, 1.9208984375, 1.92138671875, 1.921630859375, 1.9217529296875]
f(a): [3.0, 1.9750000000000005, 0.8625000000000025, 0.23828125000000178, 0.23828125000000178, 0.07911376953125249, 0.07911376953125249, 0.03922748565674006, 0.019274115562438965, 0.009295186400414046, 0.00430519990623246, 0.0018100810702907921, 5.624908662866801E-4]
f(b): [-0.3999999999999986, -0.3999999999999986, -0.3999999999999986, -0.3999999999999986, -0.08056640625, -0.08056640625, -6.851196289048289E-4, -6.851196289048289E-4, -6.851196289048289E-4, -6.851196289048289E-4, -6.851196289048289E-4, -6.851196289048289E-4, -6.851196289048289E-4]
f(c): [1.9750000000000005, 0.8625000000000025, 0.23828125000000178, -0.08056640625, 0.07911376953125249, -6.851196289048289E-4, 0.03922748565674006, 0.019274115562438965, 0.009295186400414046, 0.00430519990623246, 0.0018100810702907921, 5.624908662866801E-4, -6.131185582436416E-5]
Error_a: [0.14285714285714285, 0.06666666666666667, 0.03225806451612903, 0.01639344262295082, 0.008130081300813009, 0.004081632653061225, 0.002036659877800407, 0.001017293997965412, 5.083884087442806E-4, 2.5412960609911054E-4, 1.2704865963664082E-4, 6.352029473416756E-5]

================================

java.lang.IllegalArgumentException: Invalid initial points

================================
Bisection
-----------------------------
Math Function: 2.0x^3 -11.7x^2 +17.7x^1 -5.0

Total Iterations: 12
a: [3.0, 3.5, 3.5, 3.5, 3.5625, 3.5625, 3.5625, 3.5625, 3.5625, 3.5625, 3.5625, 3.56298828125]
b: [4.0, 4.0, 3.75, 3.625, 3.625, 3.59375, 3.578125, 3.5703125, 3.56640625, 3.564453125, 3.5634765625, 3.5634765625]
c: [3.5, 3.75, 3.625, 3.5625, 3.59375, 3.578125, 3.5703125, 3.56640625, 3.564453125, 3.5634765625, 3.56298828125, 3.563232421875]
f(a): [-3.1999999999999957, -0.6249999999999876, -0.6249999999999876, -0.6249999999999876, -0.006933593749997691, -0.006933593749997691, -0.006933593749997691, -0.006933593749997691, -0.006933593749997691, -0.006933593749997691, -0.006933593749997691, -0.0018112001474870354]
f(b): [6.6000000000000085, 6.6000000000000085, 2.3125000000000107, 0.6867187500000052, 0.6867187500000052, 0.33026123046876066, 0.15927886962891868, 0.0755792617797928, 0.03417484760284939, 0.013583675026903386, 0.003315808251512564, 0.003315808251512564]
f(c): [-0.6249999999999876, 2.3125000000000107, 0.6867187500000052, -0.006933593749997691, 0.33026123046876066, 0.15927886962891868, 0.0755792617797928, 0.03417484760284939, 0.013583675026903386, 0.003315808251512564, -0.0018112001474870354, 7.517271151398219E-4]
Error_a: [0.06666666666666667, 0.034482758620689655, 0.017543859649122806, 0.008695652173913044, 0.004366812227074236, 0.002188183807439825, 0.001095290251916758, 5.47945205479452E-4, 2.740476842970677E-4, 1.3704262025489926E-4, 6.851661527920521E-5]

================================


================================
False Position
-----------------------------
Math Function: 2.0x^3 -11.7x^2 +17.7x^1 -5.0

Total Iterations: 11
a: [0.0, 0.0, 0.0, 0.0, 0.0, 0.0, 0.0, 0.0, 0.0, 0.0, 0.0]
b: [1.0, 0.625, 0.4476776720761052, 0.3887117536768692, 0.3716293366827822, 0.36688756141399365, 0.3655871767763859, 0.3652317490577878, 0.36513469059780485, 0.36510819297341723, 0.36510095943417314]
c: [0.625, 0.4476776720761052, 0.3887117536768692, 0.3716293366827822, 0.36688756141399365, 0.3655871767763859, 0.3652317490577878, 0.36513469059780485, 0.36510819297341723, 0.36510095943417314, 0.3650989847999825]
f(a): [-5.0, -5.0, -5.0, -5.0, -5.0, -5.0, -5.0, -5.0, -5.0, -5.0, -5.0]
f(b): [3.0, 1.98046875, 0.7584787164456763, 0.22983138449950147, 0.06462164117139313, 0.01778487759163294, 0.004865783430862969, 0.001329077494993669, 3.628735933283167E-4, 9.90621779699552E-5, 2.7042449758596376E-5]
f(c): [1.98046875, 0.7584787164456763, 0.22983138449950147, 0.06462164117139313, 0.01778487759163294, 0.004865783430862969, 0.001329077494993669, 3.628735933283167E-4, 9.90621779699552E-5, 2.7042449758596376E-5, 7.382105954967244E-6]
Error_a: [0.39609375, 0.1516957432891354, 0.04596627689990025, 0.012924328234278732, 0.0035569755183265687, 9.73156686172572E-4, 2.658154989986669E-4, 7.257471866576443E-5, 1.9812435593978205E-5, 5.408489951682342E-6]

================================


================================
False Position
-----------------------------
Math Function: 2.0x^3 -11.7x^2 +17.7x^1 -5.0

Total Iterations: 7
a: [1.0, 1.882352941176471, 1.921685522661067, 1.9217409206219749, 1.9217409317734833, 1.9217409317757086, 1.9217409317757086]
b: [2.0, 2.0, 2.0, 2.0, 2.0, 2.0, 1.9217409317757097]
c: [1.882352941176471, 1.921685522661067, 1.9217409206219749, 1.9217409317734833, 1.9217409317757086, 1.9217409317757097, 1.9217409317757097]
f(a): [3.0, 0.20089558314675404, 2.8315161051306603E-4, 5.6997910391487494E-8, 1.1373124664260104E-11, 6.217248937900877E-15, 6.217248937900877E-15]
f(b): [-0.3999999999999986, -0.3999999999999986, -0.3999999999999986, -0.3999999999999986, -0.3999999999999986, -0.3999999999999986, -1.7763568394002505E-15]
f(c): [0.20089558314675404, 2.8315161051306603E-4, 5.6997910391487494E-8, 1.1373124664260104E-11, 6.217248937900877E-15, -1.7763568394002505E-15, -1.7763568394002505E-15]
Error_a: [0.020467751367627466, 2.8826966379001664E-5, 5.802815665213924E-9, 1.1579766001562109E-12, 5.777173219697716E-16, 0.0]

================================

java.lang.IllegalArgumentException: Invalid initial points

================================
False Position
-----------------------------
Math Function: 2.0x^3 -11.7x^2 +17.7x^1 -5.0

Total Iterations: 11
a: [3.0, 3.3265306122448974, 3.4812727094176568, 3.537095819952593, 3.555101343844147, 3.560691651684571, 3.5624065006842396, 3.562930582487523, 3.563090566725527, 3.5631393874361987, 3.563154283956879]
b: [4.0, 4.0, 4.0, 4.0, 4.0, 4.0, 4.0, 4.0, 4.0, 4.0, 4.0]
c: [3.3265306122448974, 3.4812727094176568, 3.537095819952593, 3.555101343844147, 3.560691651684571, 3.5624065006842396, 3.562930582487523, 3.563090566725527, 3.5631393874361987, 3.563154283956879, 3.5631588291412783]
f(a): [-3.1999999999999957, -1.9688531139236236, -0.7959153220280841, -0.2671090506567566, -0.08398663919837102, -0.025864194544733543, -0.007913937152952855, -0.002416738780198102, -7.375732239669475E-4, -2.2506123530696698E-4, -6.867076420391527E-5]
f(b): [6.6000000000000085, 6.6000000000000085, 6.6000000000000085, 6.6000000000000085, 6.6000000000000085, 6.6000000000000085, 6.6000000000000085, 6.6000000000000085, 6.6000000000000085, 6.6000000000000085, 6.6000000000000085]
f(c): [-1.9688531139236236, -0.7959153220280841, -0.2671090506567566, -0.08398663919837102, -0.025864194544733543, -0.007913937152952855, -0.002416738780198102, -7.375732239669475E-4, -2.2506123530696698E-4, -6.867076420391527E-5, -2.09524892023083E-5]
Error_a: [0.044449863624342265, 0.015782187810700656, 0.005064700595028533, 0.0015700061637685583, 4.8137375657134756E-4, 1.470929032014231E-4, 4.490041300045665E-5, 1.370160001151214E-5, 4.1807116652703694E-6, 1.275605331523633E-6]

================================


================================
Newton
-----------------------------
Math Function: 2.0x^3 -11.7x^2 +17.7x^1 -5.0

Total Iterations: 7
a: [0.0, 0.2824858757062147, 0.3592933065396092, 0.3650663350424796, 0.36509824238985855, 0.3650982433622361, 0.3650982433622361]
f(a): [-5.0, -0.8885559903434173, -0.05811757850452448, -3.177042763526927E-4, -9.681459189891939E-9, 0.0, 0.0]
Error_a: [1.0, 0.21377362014654488, 0.015813642477328436, 8.739386738785056E-5, 2.663331267769176E-9, 0.0]

================================


================================
Newton
-----------------------------
Math Function: 2.0x^3 -11.7x^2 +17.7x^1 -5.0

Total Iterations: 12
a: [1.0, -8.999999999999977, -5.402071958560814, -3.0294698046987008, -1.4868398675796246, -0.5172574659581148, 0.04189935119596255, 0.29765259287102497, 0.3611498406093906, 0.36508344055813463, 0.3650982431529569, 0.3650982433622362]
f(a): [3.0, -2569.999999999983, -757.3411855597021, -221.60761001484488, -63.75606367621267, -17.562643933277347, -4.278774371426157, -0.7153924860272989, -0.03946057256183888, -1.4738592846530452E-4, -2.0836852243633075E-9, 0.0]
Error_a: [-1.1111111111111114, -0.6660274185606554, -0.7831740557975567, -1.0375225811171382, -1.874467678925725, 13.345238081107997, 0.8592340460003389, 0.1758196753769094, 0.010774523058976335, 4.054414147394694E-5, 5.732135511269841E-10]

================================


================================
Newton
-----------------------------
Math Function: 2.0x^3 -11.7x^2 +17.7x^1 -5.0

Total Iterations: 9
a: [2.0, 1.9215686274509807, 1.9217409327647854, 1.9217409317757088, 1.9217409317757093, 1.9217409317757095, 1.92174093177571, 1.921740931775709, 1.921740931775709]
f(a): [-0.3999999999999986, 8.805059894019251E-4, -5.054388019232192E-9, 2.6645352591003757E-15, 8.881784197001252E-16, 1.7763568394002505E-15, -4.440892098500626E-15, 0.0, 0.0]
Error_a: [0.040816326530612096, 8.966105205286444E-5, 5.146773855137523E-10, 2.310869287879087E-16, 1.1554346439395432E-16, 2.310869287879086E-16, 4.621738575758174E-16, 0.0]

================================


================================
Newton
-----------------------------
Math Function: 2.0x^3 -11.7x^2 +17.7x^1 -5.0

Total Iterations: 12
a: [3.0, 5.133333333333326, 4.269750056533243, 3.792934480643228, 3.599819288398082, 3.5643380328473415, 3.5631621003251914, 3.5631608248635547, 3.5631608248620545, 3.563160824862055, 3.563160824862054, 3.5631608248620545]
f(a): [-3.1999999999999957, 48.09007407407367, 12.95624355611498, 2.9476031154330062, 0.39797273911584075, 0.012372601908204217, 1.3390755119857545E-5, 1.574917973812262E-11, -2.6645352591003757E-15, 1.0658141036401503E-14, -2.6645352591003757E-15, -2.6645352591003757E-15]
Error_a: [0.4155844155844147, 0.20225616613756908, 0.1257115244999312, 0.053645801851093015, 0.009954514758073196, 3.300249859647896E-4, 3.5795791979175423E-7, 4.2101196791519737E-13, 1.2463350145506139E-16, 2.492670029101228E-16, 1.2463350145506139E-16]

================================


================================
Newton
-----------------------------
Math Function: 2.0x^3 -11.7x^2 +17.7x^1 -5.0

Total Iterations: 12
a: [4.0, 3.6716417910447756, 3.5725543717519477, 3.563241095182271, 3.563160830801589, 3.5631608248620545, 3.563160824862055, 3.563160824862054, 3.5631608248620545, 3.563160824862055, 3.563160824862054, 3.5631608248620545]
f(a): [6.6000000000000085, 1.255368512749241, 0.09947600237952514, 8.427985504182445E-4, 6.2357555563608E-8, -2.6645352591003757E-15, 1.0658141036401503E-14, -2.6645352591003757E-15, -2.6645352591003757E-15, 1.0658141036401503E-14, -2.6645352591003757E-15, -2.6645352591003757E-15]
Error_a: [0.08943089430894324, 0.027735734430330415, 0.0026137093508123163, 2.2526173948711356E-5, 1.6669285878014266E-9, 1.2463350145506139E-16, 2.492670029101228E-16, 1.2463350145506139E-16, 1.2463350145506139E-16, 2.492670029101228E-16, 1.2463350145506139E-16]

================================


================================
Modified Secant
-----------------------------
Math Function: 2.0x^3 -11.7x^2 +17.7x^1 -5.0

Total Iterations: 10
a: [0.1, 0.3170823073571384, 0.36317459592446955, 0.3651013810960689, 0.36509823238141836, 0.365098243400631, 0.36509824336210195, 0.3650982433622367, 0.3650982433622361, 0.3650982433622361]
f(a): [-3.3449999999999998, -0.5002154137638088, -0.019187963111787276, 3.124069513749106E-5, -1.0933031013848904E-7, 3.822773209094521E-10, -1.3367085216486885E-12, 5.329070518200751E-15, 0.0, 0.0]
Error_a: [0.6846244723223636, 0.12691495794192914, 0.0052773976527148185, 8.624294426121303E-6, 3.018150005547893E-8, 1.0553068804024922E-10, 3.690118111704885E-13, 1.5204442157828146E-15, 0.0]

================================


================================
Modified Secant
-----------------------------
Math Function: 2.0x^3 -11.7x^2 +17.7x^1 -5.0

Total Iterations: 12
a: [1.0, -11.335526315795157, -6.987253025943172, -4.095056493774239, -2.188875957502407, -0.9591347343593222, -0.20626709889441164, 0.19561027900202876, 0.3434089630544954, 0.3647310022938069, 0.36509939635038313, 0.3650982393294628]
f(a): [3.0, -4622.118243941877, -1382.1475351567517, -411.029504781566, -120.77447502641729, -34.50466796865912, -9.166268936509693, -1.9704102009394973, -0.22044278713225385, -0.0036577114877713868, 1.1479692477500691E-5, -4.015223353803776E-8]
Error_a: [-1.0882182240278142, -0.6223151320994326, -0.7062653559397709, -0.8708490445693681, -1.282136053559275, -3.6499647277741776, 2.054479856307921, 0.4303867981133985, 0.058459629439823795, 0.001009024008965199, 3.1690673788933994E-6]

================================


================================
Modified Secant
-----------------------------
Math Function: 2.0x^3 -11.7x^2 +17.7x^1 -5.0

Total Iterations: 11
a: [2.0, 1.9214639126678712, 1.9217407960918251, 1.9217409317088383, 1.9217409317756766, 1.9217409317757097, 1.9217409317757093, 1.9217409317757095, 1.92174093177571, 1.921740931775709, 1.921740931775709]
f(a): [-0.3999999999999986, 0.0014156123594419867, 6.933729412850198E-7, 3.417257588012035E-10, 1.687538997430238E-13, -1.7763568394002505E-15, 8.881784197001252E-16, 1.7763568394002505E-15, -4.440892098500626E-15, 0.0, 0.0]
Error_a: [0.04087304831194294, 1.4407948486966655E-4, 7.056987283629376E-8, 3.478008484761797E-11, 1.7215976194699192E-14, 2.310869287879087E-16, 1.1554346439395432E-16, 2.310869287879086E-16, 4.621738575758174E-16, 0.0]

================================


================================
Modified Secant
-----------------------------
Math Function: 2.0x^3 -11.7x^2 +17.7x^1 -5.0

Total Iterations: 12
a: [3.0, 4.892595221197089, 4.14294941812408, 3.742315956197904, 3.5910547395828694, 3.564700590048562, 3.5632121873916636, 3.5631624723484676, 3.5631608776355645, 3.563160826552462, 3.5631608249162, 3.563160824863789]
f(a): [-3.1999999999999957, 35.7632046106232, 9.73047030894305, 2.2030628460483337, 0.3004249216326702, 0.016188529397233253, 5.392667150028174E-4, 1.729653649551466E-5, 5.540547078908276E-7, 1.7747129987810695E-8, 5.684590576038318E-10, 1.821742756646927E-11]
Error_a: [0.38682848991828533, 0.18094495670006208, 0.10705495383484648, 0.04212166830756941, 0.007393089228273201, 4.177137309322531E-4, 1.3952505276355118E-5, 4.475556837955021E-7, 1.433645718602625E-8, 4.5921637364324494E-10, 1.470912120821773E-11]

================================


================================
Modified Secant
-----------------------------
Math Function: 2.0x^3 -11.7x^2 +17.7x^1 -5.0

Total Iterations: 12
a: [4.0, 3.6795369794903667, 3.5769413811564412, 3.5637630305606276, 3.5631804270344953, 3.5631614530771687, 3.5631608449849557, 3.5631608255066176, 3.5631608248827007, 3.5631608248627153, 3.563160824862076, 3.5631608248620545]
f(a): [6.6000000000000085, 1.356039930555923, 0.14652160508389667, 0.006325903805979749, 2.058015777661737E-4, 6.595462852310163E-6, 2.1126485361122604E-7, 6.767089999470954E-9, 2.1676438421991406E-10, 6.937561636277678E-12, 2.3003821070233244E-13, -2.6645352591003757E-15]
Error_a: [0.08709330067774422, 0.028682493617146136, 0.0036978751063985573, 1.6350660261600712E-4, 5.325034404560608E-6, 1.7066089337053536E-7, 5.4665896397850235E-9, 1.7510209299925353E-10, 5.608881465981088E-12, 1.7947224209528733E-13, 5.982408069842947E-15]

================================


================================
Secant
-----------------------------
Math Function: 2.0x^3 -11.7x^2 +17.7x^1 -5.0

Total Iterations: 10
x_i-1 [-1.0, 0.0, 0.15923566878980894, 0.3147097607138443, 0.35678414501480216, 0.36471490535769685, 0.365095218960824, 0.36509824225524523, 0.36509824336223295, 0.36509824336223606]
x_i [0.0, 0.15923566878980894, 0.3147097607138443, 0.35678414501480216, 0.36471490535769685, 0.365095218960824, 0.36509824225524523, 0.36509824336223295, 0.36509824336223606, 0.3650982433622362]
x_i+1 [0.15923566878980894, 0.3147097607138443, 0.35678414501480216, 0.36471490535769685, 0.365095218960824, 0.36509824225524523, 0.36509824336223295, 0.36509824336223606, 0.3650982433622362, 0.3650982433622362]
f(x_i-1): [-36.4, -5.0, -2.4701186828679758, -0.5260922519776656, -0.08343764623429717, -0.0038180952403870094, -3.0112483598188078E-5, -1.1021734636074143E-8, -3.108624468950438E-14, -8.881784197001252E-16]
f(x_i): [-5.0, -2.4701186828679758, -0.5260922519776656, -0.08343764623429717, -0.0038180952403870094, -3.0112483598188078E-5, -1.1021734636074143E-8, -3.108624468950438E-14, -8.881784197001252E-16, 0.0]
f(x_i+1): [-2.4701186828679758, -0.5260922519776656, -0.08343764623429717, -0.0038180952403870094, -3.0112483598188078E-5, -1.1021734636074143E-8, -3.108624468950438E-14, -8.881784197001252E-16, 0.0, 0.0]
Error_a: [0.4940237365735951, 0.11792672092873484, 0.021745095213798683, 0.001041683329104164, 8.280769588428785E-6, 3.03202697858723E-9, 8.514487608383763E-15, 3.0408884315656286E-16, 0.0]

================================


================================
Secant
-----------------------------
Math Function: 2.0x^3 -11.7x^2 +17.7x^1 -5.0

Total Iterations: 9
x_i-1 [1.5, -0.9687499999999984, 0.5, 0.45222135743443936, 0.351645905743149, 0.36628200628784907, 0.36511331483434395, 0.36509822630706706, 0.36509824336248164]
x_i [0.5, 0.5, 0.45222135743443936, 0.351645905743149, 0.36628200628784907, 0.36511331483434395, 0.36509822630706706, 0.36509824336248164, 0.3650982433622362]
x_i+1 [-0.9687499999999984, 0.45222135743443936, 0.351645905743149, 0.36628200628784907, 0.36511331483434395, 0.36509822630706706, 0.36509824336248164, 0.3650982433622362, 0.3650982433622362]
f(x_i-1): [1.9750000000000005, -34.94534912109368, 1.1749999999999998, 0.7965816941503707, -0.13566369319876959, 0.011772791464098376, 1.5005667270528988E-4, -1.698094775903769E-7, 2.4442670110147446E-12]
f(x_i): [1.1749999999999998, 1.1749999999999998, 0.7965816941503707, -0.13566369319876959, 0.011772791464098376, 1.5005667270528988E-4, -1.698094775903769E-7, 2.4442670110147446E-12, 0.0]
f(x_i+1): [-34.94534912109368, 0.7965816941503707, -0.13566369319876959, 0.011772791464098376, 1.5005667270528988E-4, -1.698094775903769E-7, 2.4442670110147446E-12, 0.0, 0.0]
Error_a: [3.142203113749316, 0.28601343012579583, 0.0399585573231736, 0.0032009006684277468, 4.132730917239516E-5, 4.671458954049927E-8, 6.723404322191605E-13, 0.0]

================================


================================
Secant
-----------------------------
Math Function: 2.0x^3 -11.7x^2 +17.7x^1 -5.0

Total Iterations: 9
x_i-1 [1.0, 2.4634146341463423, 1.5, 1.9251989933466107, 1.9214278307903532, 1.921740897187601, 1.92174093177607, 1.92174093177571, 1.9217409317757095]
x_i [1.5, 1.5, 1.9251989933466107, 1.9214278307903532, 1.921740897187601, 1.92174093177607, 1.9217409317757095, 1.9217409317757095, 1.9217409317757097]
x_i+1 [2.4634146341463423, 1.9251989933466107, 1.9214278307903532, 1.921740897187601, 1.92174093177607, 1.9217409317757095, 1.92174093177571, 1.9217409317757097, 1.9217409317757097]
f(x_i-1): [3.0, -2.499949217219715, 1.9750000000000005, -0.017673360666855764, 0.0015999946493154837, 1.767524464568737E-7, -1.84297022087776E-12, -4.440892098500626E-15, 1.7763568394002505E-15]
f(x_i): [1.9750000000000005, 1.9750000000000005, -0.017673360666855764, 0.0015999946493154837, 1.767524464568737E-7, -1.84297022087776E-12, 1.7763568394002505E-15, 1.7763568394002505E-15, -1.7763568394002505E-15]
f(x_i+1): [-2.499949217219715, -0.017673360666855764, 0.0015999946493154837, 1.767524464568737E-7, -1.84297022087776E-12, 1.7763568394002505E-15, -4.440892098500626E-15, -1.7763568394002505E-15, -1.7763568394002505E-15]
Error_a: [0.2795636412961867, 0.001962687588795005, 1.6290770400218424E-4, 1.7998507710345745E-8, 1.8764258617578184E-13, 2.310869287879086E-16, 1.1554346439395432E-16, 0.0]

================================


================================
Secant
-----------------------------
Math Function: 2.0x^3 -11.7x^2 +17.7x^1 -5.0

Total Iterations: 9
x_i-1 [2.5, 3.8124999999999916, 3.5, 3.550396875393725, 3.5639466612814696, 3.563151497841562, 3.5631608181085968, 3.5631608248621123, 3.563160824862054]
x_i [3.5, 3.5, 3.550396875393725, 3.5639466612814696, 3.563151497841562, 3.5631608181085968, 3.5631608248621123, 3.563160824862054, 3.5631608248620545]
x_i+1 [3.8124999999999916, 3.550396875393725, 3.5639466612814696, 3.563151497841562, 3.5631608181085968, 3.5631608248621123, 3.563160824862054, 3.5631608248620545, Infinity]
f(x_i-1): [-2.6250000000000018, 3.250488281249874, -0.6249999999999876, -0.13243249936950452, 0.008256260205653732, -9.792100062799847E-5, -7.090270415233135E-8, 6.10178574333986E-13, -2.6645352591003757E-15]
f(x_i): [-0.6249999999999876, -0.6249999999999876, -0.13243249936950452, 0.008256260205653732, -9.792100062799847E-5, -7.090270415233135E-8, 6.10178574333986E-13, -2.6645352591003757E-15, -2.6645352591003757E-15]
f(x_i+1): [3.250488281249874, -0.13243249936950452, 0.008256260205653732, -9.792100062799847E-5, -7.090270415233135E-8, 6.10178574333986E-13, -2.6645352591003757E-15, -2.6645352591003757E-15, Infinity]
Error_a: [0.07382361291009197, 0.0038019047913787924, 2.2316296132487499E-4, 2.6157301088485213E-6, 1.89537207455541E-9, 1.6326988690613045E-14, 1.2463350145506139E-16, NaN]

================================


================================
PART - 2
================================


================================
Bisection
-----------------------------
Math Function: e^-x - x
Total Iterations: 12
a: [0.0, 0.5, 0.5, 0.5, 0.5625, 0.5625, 0.5625, 0.5625, 0.56640625, 0.56640625, 0.56640625, 0.56689453125]
b: [1.0, 1.0, 0.75, 0.625, 0.625, 0.59375, 0.578125, 0.5703125, 0.5703125, 0.568359375, 0.5673828125, 0.5673828125]
c: [0.5, 0.75, 0.625, 0.5625, 0.59375, 0.578125, 0.5703125, 0.56640625, 0.568359375, 0.5673828125, 0.56689453125, 0.567138671875]
f(a): [1.0, 0.10653065971263342, 0.10653065971263342, 0.10653065971263342, 0.00728282473092301, 0.00728282473092301, 0.00728282473092301, 0.00728282473092301, 0.0011552020150243925, 0.0011552020150243925, 0.0011552020150243925, 3.898587973693024E-4]
f(b): [-0.6321205588285577, -0.6321205588285577, -0.2776334472589853, -0.08973857148100972, -0.08973857148100972, -0.04149754983697962, -0.01717583918552923, -0.004963760389385841, -0.004963760389385841, -0.0019053596128160155, -3.7534916914483407E-4, -3.7534916914483407E-4]
f(c): [0.10653065971263342, -0.2776334472589853, -0.08973857148100972, 0.00728282473092301, -0.04149754983697962, -0.01717583918552923, -0.004963760389385841, 0.0011552020150243925, -0.0019053596128160155, -3.7534916914483407E-4, 3.898587973693024E-4, 7.237911846869061E-6]
Error_a: [0.3333333333333333, 0.2, 0.1111111111111111, 0.05263157894736842, 0.02702702702702703, 0.0136986301369863, 0.006896551724137931, 0.003436426116838488, 0.0017211703958691911, 8.613264427217916E-4, 4.3047783039173483E-4]
Error_t: [0.11838858218705182, 0.32241712671942224, 0.10201427226618522, 0.00818715496043331, 0.04691355865287595, 0.019363201846221322, 0.0055880234428940054, 0.0012995657587696518, 0.002144228842062177, 4.2233154164626264E-4, 4.3861710856169455E-4, 8.14278345771597E-6]
Real Root: 0.56714329

================================


================================
False Position
-----------------------------
Math Function: e^-x - x
Total Iterations: 11
a: [0.0, 0.0, 0.0, 0.0, 0.0, 0.0, 0.0, 0.0, 0.0, 0.0, 0.0]
b: [1.0, 0.6126998367802821, 0.5721814120905075, 0.567703214235785, 0.5672055526330225, 0.567150214240495, 0.5671440603751026, 0.5671433760339215, 0.5671432999316328, 0.5671432914686629, 0.5671432905275366]
c: [0.6126998367802821, 0.5721814120905075, 0.567703214235785, 0.5672055526330225, 0.567150214240495, 0.5671440603751026, 0.5671433760339215, 0.5671432999316328, 0.5671432914686629, 0.5671432905275366, 0.5671432904228786]
f(a): [1.0, 1.0, 1.0, 1.0, 1.0, 1.0, 1.0, 1.0, 1.0, 1.0, 1.0]
f(b): [-0.6321205588285577, -0.07081394787317097, -0.007888272855299805, -8.77391979772324E-4, -9.757272612787027E-5, -1.0850621248725822E-5, -1.2066458149329051E-6, -1.3418529076769659E-7, -1.4922101665426624E-8, -1.6594152718596433E-9, -1.8453549799346547E-10]
f(c): [-0.07081394787317097, -0.007888272855299805, -8.77391979772324E-4, -9.757272612787027E-5, -1.0850621248725822E-5, -1.2066458149329051E-6, -1.3418529076769659E-7, -1.4922101665426624E-8, -1.6594152718596433E-9, -1.8453549799346547E-10, -2.052125136486893E-11]
Error_a: [0.07081394787317088, 0.007888272855299796, 8.773919797721316E-4, 9.757272612790568E-5, 1.0850621248538754E-5, 1.2066458147533642E-6, 1.3418529091714586E-7, 1.4922101711765043E-8, 1.6594153606872895E-9, 1.845354811799295E-10]
Error_t: [0.08032634359525279, 0.008883331918654242, 9.872711987564766E-4, 1.0978289635157002E-4, 1.2208978960303935E-5, 1.358342972900057E-6, 1.5169697510217277E-7, 1.751168183521678E-8, 2.5895800848097612E-9, 9.301647225789419E-10, 7.456292412614173E-10]
Real Root: 0.56714329

================================


================================
Newton
-----------------------------
Math Function: e^-x - x
Total Iterations: 6
a: [1.0, 0.5378828427399902, 0.5669869914054133, 0.567143285989123, 0.5671432904097838, 0.5671432904097838]
f(a): [-0.6321205588285577, 0.046100486291689724, 2.449498638371628E-4, 6.927808993140161E-9, 0.0, 0.0]
Error_a: [0.8591409142295228, 0.05133124587793714, 2.7558218103051026E-4, 7.794610131410855E-9, 0.0]
Error_t: [0.0515926887894764, 2.755892511514275E-4, 7.072069853615181E-9, 7.22540283427593E-10, 7.22540283427593E-10]
Real Root: 0.56714329

================================


================================
Modified Secant
-----------------------------
Math Function: e^-x - x
Total Iterations: 9
a: [1.0, 0.5372626655366407, 0.5670096853649093, 0.567143424147485, 0.5671432902726529, 0.5671432904099245, 0.5671432904097837, 0.5671432904097838, 0.5671432904097838]
f(a): [-0.6321205588285577, 0.047082948971825855, 2.0938331170683444E-4, -2.0958613589083797E-7, 2.149039834975497E-10, -2.2037927038809357E-13, 2.220446049250313E-16, 0.0, 0.0]
Error_a: [0.8612869721761843, 0.052462983606927846, 2.3581121966943973E-4, 2.3605116097654187E-7, 2.4204048751315964E-10, 2.4821995058912425E-13, 1.9575705882423042E-16, 0.0]
Error_t: [0.052686199396556846, 2.355747435374077E-4, 2.3653190890995617E-7, 4.807478199331989E-10, 7.227883076213026E-10, 7.225400876705341E-10, 7.22540283427593E-10, 7.22540283427593E-10]
Real Root: 0.56714329

================================


================================
Secant
-----------------------------
Math Function: e^-x - x
Total Iterations: 8
x_i-1 [-1.0, 0.0, 0.36787944117144233, 0.5444590443832716, 0.5662980367205954, 0.5671398084913074, 0.5671432898771658, 0.5671432904097835]
x_i [0.0, 0.36787944117144233, 0.5444590443832716, 0.5662980367205954, 0.5671398084913074, 0.5671432898771658, 0.5671432904097835, 0.5671432904097838]
x_i+1 [0.36787944117144233, 0.5444590443832716, 0.5662980367205954, 0.5671398084913074, 0.5671432898771658, 0.5671432904097835, 0.5671432904097838, 0.5671432904097838]
f(x_i-1): [3.718281828459045, 1.0, 0.32432118638390406, 0.035696492481800846, 0.0013248363036395538, 5.456668616066196E-6, 8.346888735744074E-10, 5.551115123125783E-16]
f(x_i): [1.0, 0.32432118638390406, 0.035696492481800846, 0.0013248363036395538, 5.456668616066196E-6, 8.346888735744074E-10, 5.551115123125783E-16, 0.0]
f(x_i+1): [0.32432118638390406, 0.035696492481800846, 0.0013248363036395538, 5.456668616066196E-6, 8.346888735744074E-10, 5.551115123125783E-16, 0.0, 0.0]
Error_a: [0.324321186383904, 0.03856448534378175, 0.0014842403197744974, 6.1384590464372186E-6, 9.391237394610106E-10, 5.872711764726913E-16, 0.0]
Error_t: [0.3513465685692193, 0.03999737988036203, 0.0014903698841337704, 6.138675629151709E-6, 2.1658404398314865E-10, 7.225396961564161E-10, 7.22540283427593E-10, 7.22540283427593E-10]
Real Root: 0.56714329

================================

